# TOP 100 PROSPECTIVE CUSTOMERS:

   class probability   HHuniqueID
530     1   0.9999984 HHf0dea50f40
755     1   0.9999963 HH04c2cc7f3b
450     1   0.9999946 HH909fc7f93c
391     1   0.9999912 HH9b6b093a08
619     1   0.9999798 HHf5ddd35bcf
650     1   0.9999788 HHf1eed2cadb
870     1   0.9999788 HH7f6d4585ad
805     1   0.9999759 HH0e32ad0df6
401     1   0.9999727 HHc7e61cf6e1
727     1   0.9999671 HH91f9aa3430
954     1   0.9999654 HHd35db89d6d
185     1   0.9999618 HH1a33226c3d
505     1   0.9999602 HH103148e4b5
720     1   0.9999568 HH723000ae17
300     1   0.9999528 HHe5252221ce
14      1   0.9999506 HH32827939bb
656     1   0.9999467 HH27aa9c576a
693     1   0.9999425 HH3f5c333d97
133     1   0.9999422 HHa790aa13fe
455     1   0.9999384 HHeee71240e5
561     1   0.9999381 HHe03180bb2a
313     1   0.9999372 HH3c795ca637
17      1   0.9999333 HHee7a04dd81
446     1   0.9999311 HH2cf02084f8
389     1   0.9999260 HHb07512eace
549     1   0.9999231 HH39b55ca312
127     1   0.9999226 HH9cece9e6c0
783     1   0.9999226 HHceef8fa6ec
116     1   0.9999215 HH495acba15a
267     1   0.9999133 HH28fa3f3bc4
212     1   0.9999088 HH205b964fef
777     1   0.9999070 HH5c12e15930
140     1   0.9999030 HHb28d9b18df
21      1   0.9999011 HHdb87dc6e7a
316     1   0.9998986 HH8cacb60619
670     1   0.9998870 HH9b1273993d
756     1   0.9998809 HH2ed51b2a9b
36      1   0.9998736 HHe3956c27da
513     1   0.9998722 HH653d614061
340     1   0.9998640 HH50680d2b6f
566     1   0.9998567 HH7ebdc7bddc
536     1   0.9998524 HH83ecb3bda8
41      1   0.9998432 HHfcd760e40c
611     1   0.9998398 HH6746821d76
452     1   0.9806802 HH1e772cc201
344     1   0.9800886 HH7057883c68
765     1   0.9734671 HH67cc96e24f
304     1   0.9734602 HHbb2f4465df
485     1   0.9728677 HH7f0f16440c
918     1   0.9629519 HH4164d57e53
249     1   0.9588375 HH02879e1220
367     1   0.9525142 HH49df785161
225     1   0.9515271 HHccc4bcb00c
791     1   0.9514994 HHccb6c83f3d
172     1   0.9502283 HHe8c454dfab
466     1   0.9458781 HH566a73acc0
607     1   0.9428825 HHd36c267b6d
531     1   0.9400232 HH138070ca75
336     1   0.9383423 HH6bc5e432d5
432     1   0.9382515 HH0da405de31
481     1   0.9359084 HH633cc77bfa
767     1   0.9356818 HH2f94c20bf2
305     1   0.9352932 HH4ffa96cee1
270     1   0.9351829 HHfbaf4748cd
126     1   0.9325408 HHc9b1d48c10
588     1   0.9321711 HH1659b41085
188     1   0.9315906 HHdd7ab8dc96
89      1   0.9290852 HH127ebc9974
259     1   0.9226433 HHb395536c6c
829     1   0.9199029 HH24950c7841
220     1   0.9191576 HHd9f4d8677c
427     1   0.9186313 HHde181037f0
351     1   0.9160247 HH3ec1aac9f2
979     1   0.9096159 HH714f3c26a2
204     1   0.9087824 HH67db67e6df
107     1   0.9081337 HHc5c1770498
635     1   0.9027124 HH4972605e6f
976     1   0.9003480 HHd452345a6b
845     1   0.8971016 HHc078281c45
669     1   0.8950833 HH37cfcdc1e1
353     1   0.8887719 HH1fba1b2f16
64      1   0.8876111 HH5ba1c0d598
577     1   0.8868728 HHf5a94a9d1c
994     1   0.8862838 HHbb5e918101
517     1   0.8815130 HHa3aa29b7f2
674     1   0.8779994 HH5fbe40c17c
749     1   0.8778623 HH7b18c36d55
682     1   0.8775922 HH8eee5ab715
149     1   0.8741704 HH1bb7bbc664
254     1   0.8675632 HH26ae37f2cb
430     1   0.8669243 HH4f58ca91f4
385     1   0.8660115 HH22fd5cb8f6
360     1   0.8636635 HHc47c129a68
839     1   0.8632618 HH6e55bc4e1a
718     1   0.8624662 HHdd47c895cc
122     1   0.8612295 HHad15a796e1
142     1   0.8608780 HH43c8759373
176     1   0.8549378 HHc2c60c0c18
132     1   0.8514449 HH55d161df35
507     1   0.8482324 HHa7235a3f10